1704101/1	1	28	4	4
1704119/1	1	29	4	4
1704151/1	1	23	4	4
1704152/1	1	29	4	6
1704153/1	1	26	4	4
1704155/1	1	15	4	6
1704155/2	1	8	4	6
1704156/1	1	14	4	6
1704156/2	1	5	4	6
1704157/1	1	14	4	6
1704158/1	1	20	4	6
1704159/1	1	14	4	6
1704159/2	1	15	4	6
1704160/1	1	27	4	4
1704169/1	0	23	4	4
1704170/1	0	27	4	4
1704171/1	1	24	4	4
1704171/2	0	14	4	4
1704172/1	0	26	4	4
1704173/1	0	18	4	4
1704174/1	0	13	4	4
1704154/1	1	28	4	6
1704176/1	1	27	4	4
1704177/1	1	22	4	4
1704178/1	1	27	4	3
1704179/1	1	17	4	6
1704179/2	1	11	4	6
1704180/1	1	10	4	6
1704180/2	1	11	4	6
1704182/1	1	24	4	4
1704183/1	0	19	4	4
1704184/1	1	15	4	6
1704184/2	1	9	4	6
1704185/1	1	17	4	6
1704186/1	1	12	4	6
1704186/2	1	15	4	6
1704187/1	1	18	4	6
1704188/1	1	13	4	6
1704188/2	1	10	4	6
1704189/1	1	10	4	4
1704189/2	1	12	4	4
1704191/1	0	32	4	4
1704195/1	0	14	4	3
1704196/1	1	8	4	5
1704199/1	1	15	4	3
1704200/1	1	24	4	3
1704201/1	1	6	4	3
1704203/1	1	22	4	2
1704204/1	0	20	4	3
1704205/1	1	11	4	3
1704206/1	0	16	4	2
1704207/1	0	14	4	2
1704207/2	0	6	4	2
1704208/1	1	23	4	4
1704209/1	1	13	4	3
1705147/1	0	25	4	3
1000001/1	1	25	4	4
1000002/1	1	25	4	4
1000003/3	1	25	4	6
1704106/1	1	17	4	3
1704106/2	1	12	4	3
1000004/1	0	20	4	2
1000007/1	0	20	4	4
1701139/1	0	12	3	4
1701141/1	0	16	3	4
1702100/1	0	11	3	3
1702101/1	0	16	3	4
1702101/2	0	2	3	4
1702102/1	0	12	3	3
1702103/1	0	23	3	3
1702104/1	0	16	3	5
1702105/1	0	12	3	4
1702106/1	0	9	3	3
1702107/1	0	5	3	4
1702107/2	0	29	3	4
1702108/1	0	8	3	4
1702108/2	0	8	3	4
1702109/1	0	5	3	4
1702109/2	0	5	3	4
1702110/1	0	6	3	4
1702115/1	0	9	3	4
1702116/1	0	8	3	4
1701217/1	0	16	3	3
1702118/1	0	14	3	3
1702119/1	0	16	3	4
1702125/1	0	14	3	4
1702127/1	0	9	3	4
1702127/2	0	9	3	4
1702128/1	0	23	3	6
1702131/1	0	11	3	4
1702134/1	0	19	3	4
1702132/1	0	16	3	4
1702138/1	0	18	3	3
1702143/1	0	5	3	4
1702146/1	0	4	3	3
1703125/2	0	19	3	4
1704108/2	2	17	3,5	6
1705102/1	0	16	3,5	4
1700507/1	0	18	3	6
1000005/1	0	20	3	4
1701115/2	0	13	0,3	4
1701115/3	0	27	0,3	4
1703100/1	0	10	0	4
1703103/1	0	17	0,3	3
1703103/4	0	31	0,1	3
1703103/5	0	14	0,1,5	3
1703103/6	0	16	0,1	3
1703109/1	0	42	0	5
1703115/1	0	33	0	4
1703116/1	0	46	0	4
1703118/1	0	8	0	4
1703118/2	0	24	0	4
1703119/1	0	34	0	4
1703120/1	0	33	0	4
1703123/1	0	35	0	4
1703124/1	0	24	0	5
1703127/1	0	26	0	5
1703128/1	0	16	0	4
1703128/2	0	22	0	4
1703130/1	0	9	0	4
1703130/2	0	13	0	4
1703132/1	0	17	0	4
1703134/1	0	22	0	4
1703134/2	0	15	0	4
1703141/1	0	30	0	4
1703142/1	0	20	0	6
1703142/2	0	27	0	6
1703143/1	0	14	0	4
1703145/1	0	2	0	5
1703146/1	0	27	0	4
1703146/2	0	10	0	4
1703147/1	0	21	0	5
1703153/1	0	41	0	4
1703154/2	0	32	0	5
1703154/3	0	6	0	5
1703156/1	0	18	0	5
1703156/2	0	12	0	5
1703158/1	0	25	0	4
1703158/2	0	6	0	4
1703159/1	0	15	0	4
1703159/2	0	16	0	4
1703170/1	0	16	0	4
1703170/2	0	10	0	4
1703177/1	0	34	0,1,2	5
1703177/2	0	35	0,1,2	5
1703179/1	0	29	0	3
1704108/4	2	21	0	6
1704108/5	2	13	0	6
1704110/1	1	15	0	5
1704110/2	1	14	0	5
1705109/2	0	23	0	3
1204115/2	0	30	0,1,3,5	5
1204115/3	0	50	1,0,3,5	5
1701100/1	0	13	1	3
1701101/1	0	8	1	4
1701102/1	0	16	1	4
1701106/1	0	27	1	4
1701109/1	0	9	1	6
1701110/1	0	11	1	6
1701115/1	0	12	1	3
1701129/1	0	13	1	3
1701130/1	0	15	1,2	4
1701131/1	0	9	1	5
1701133/1	0	18	1	3
1701135/1	0	26	1	6
1701137/1	0	19	1	3
1701137/5	0	29	1	3
1701138/1	0	23	1	3
1701142/1	0	55	1,2	6
1701143/1	0	28	1	2
1701153/1	0	10	1,2	4
1701155/1	0	13	1	6
1701155/2	0	8	1	6
1701156/1	0	16	1	6
1701159/1	0	26	1,2	4
1701159/2	0	32	1,2	4
1701450/1	0	9	1	5
1703103/2	0	38	1,3	3
1703103/3	0	23	1,3	3
1703154/1	0	44	1,2	5
1703155/1	0	35	1,2	5
1704108/1	2	28	1,3,5	6
1704108/6	2	27	1	6
1705101/1	0	4	1	3
1705102/2	0	30	1,2,3	4
1705103/2	0	19	1	3
1705106/2	0	18	1,2	4
1705108/1	0	3	1	4
1705109/1	0	27	1,3,5	3
1705109/3	0	11	1	3
1705110/1	0	11	1	3
1705111/1	0	7	1	4
1705112/1	0	24	2	2
1704148/1	2	15	2	4
1705125/1	0	18	2	3
1701166/1	0	21	2	6
1204172/2	0	21	2	3
1701167/1	0	18	2	4
1705103/3	0	17	2	3
1201176/1	0	13	2	3
1705114/1	0	17	2	3
1705123/1	0	18	2	3
1701174/1	0	22	2	4
1108124/1	0	25	2	4
1705126/1	0	8	2	3
1705144/1	0	11	2	2
1701170/1	0	7	2	3
1701171/1	0	5	2	4
1705110/2	0	7	2	3
1701115/4	0	8	2	3
1705115/1	0	19	2	2
1701172/1	0	14	2	4
1705145/1	0	14	2	3
1705127/2	0	13	2	4
1701153/2	0	11	2	4
1705124/2	0	17	2	3
1705130/1	0	14	2	3
1705133/1	0	15	2	3
1705146/1	0	9	2	3
1401198/1	0	9	2	3
1705106/1	0	18	2	4
1705113/1	0	8	2	2
1701169/1	0	4	2	4
1705101/2	0	8	2	3
1106134/1	0	8	2	4
1701168/1	0	2	2	6
1705134/1	0	6	2	4
1705128/1	0	11	2	3
1701130/2	0	7	2	4
1705136/2	0	7	2	4
1204157/2	0	7	2	4
1705122/1	0	11	2	3
1705129/1	0	19	2	3
1705141/1	0	10	2	2
1705149/1	0	2	2	3
1000006/1	0	9	2	2
1705100/1	0	14	5	4
1702136/1	0	11	5	6
1702137/1	0	8	5	6
1712113/1	0	13	5	4
1702114/1	0	9	5	4
1702149/1	0	9	5	4
1702139/1	0	10	5	6
1702140/2	0	9	5	6
1702148/1	0	2	5	6
1702145/1	0	5	5	4
1703125/1	0	12	5	4
1702147/1	0	8	5	4