Resultados:
Total de turmas: 158
Atendimento dos requisitos não essenciais: 726
Tempo de execução: 0s
Salas Alocadas: 
    V109                            V007                          V107                         V006                         V104  V003                          V008  V103  V105                         V106                          V108                         V009  V101B                         V101A  V102B                        V102A  V112A  V112B
0      0                               0                             0                            0                            0     0                             0     0     0                            0                             0                            0      0                             0      0                            0      0      0
1      0                               0                             0                            0                            0     0                             0     0     0  [PC29MC, 1, 2, 10, 9MC, MC]                             0                            0      0   [PG22NB, 1, 2, 14, 2EL, EL]      0                            0      0      0
2      0                               0                             0                            0                            0     0                             0     0     0  [PC29MC, 1, 2, 10, 9MC, MC]                             0                            0      0   [PG22NB, 1, 2, 14, 2EL, EL]      0                            0      0      0
3      0                               0                             0                            0  [PA28CP, 3, 4, 16, 8CP, CP]     0                             0     0     0                            0                             0  [EM27MC, 3, 4, 18, 8MC, MC]      0                             0      0  [PG22NB, 3, 4, 13, 2EL, EL]      0      0
4      0                               0                             0                            0  [PA28CP, 3, 4, 16, 8CP, CP]     0                             0     0     0                            0                             0  [EM27MC, 3, 4, 18, 8MC, MC]      0                             0      0  [PG22NB, 3, 4, 13, 2EL, EL]      0      0
5      0                               0                             0                            0                            0     0                             0     0     0                            0   [ES26CP, 5, 5, 24, 6CP, CP]                            0      0                             0      0                            0      0      0
6      0                               0                             0  [SR24CV, 6, 9, 21, 4CV, CV]                            0     0                             0     0     0                            0                             0                            0      0                             0      0  [IS29CP, 6, 7, 17, 9CP, CP]      0      0
7      0       [DT21G, 7, 9, 31, 1G, 1G]                             0  [SR24CV, 6, 9, 21, 4CV, CV]                            0     0                             0     0     0                            0                             0                            0      0                             0      0  [IS29CP, 6, 7, 17, 9CP, CP]      0      0
8      0       [DT21G, 7, 9, 31, 1G, 1G]                             0  [SR24CV, 6, 9, 21, 4CV, CV]                            0     0  [AE22CP, 8, 9, 22, 2CPA, CP]     0     0                            0                             0                            0      0                             0      0                            0      0      0
9      0       [DT21G, 7, 9, 31, 1G, 1G]                             0  [SR24CV, 6, 9, 21, 4CV, CV]                            0     0  [AE22CP, 8, 9, 22, 2CPA, CP]     0     0                            0                             0                            0      0                             0      0                            0      0      0
10     0                               0                             0                            0                            0     0                             0     0     0                            0                             0                            0      0  [LR23S, 10, 10, 20, 3SI, SI]      0                            0      0      0
11     0  [AE22CP, 11, 12, 22, 2CPA, CP]                             0                            0                            0     0                             0     0     0                            0                             0                            0      0                             0      0                            0      0      0
12     0  [AE22CP, 11, 12, 22, 2CPA, CP]                             0                            0                            0     0                             0     0     0                            0                             0                            0      0                             0      0                            0      0      0
13     0                               0  [IH24S, 13, 15, 12, 3SI, SI]                            0                            0     0  [GP26S, 13, 15, 23, 5SI, SI]     0     0                            0                             0                            0      0                             0      0                            0      0      0
14     0                               0  [IH24S, 13, 15, 12, 3SI, SI]                            0                            0     0  [GP26S, 13, 15, 23, 5SI, SI]     0     0                            0  [SE25A, 14, 15, 10, 5AS, AS]                            0      0                             0      0                            0      0      0
15     0                               0  [IH24S, 13, 15, 12, 3SI, SI]                            0                            0     0  [GP26S, 13, 15, 23, 5SI, SI]     0     0                            0  [SE25A, 14, 15, 10, 5AS, AS]                            0      0                             0      0                            0      0      0

    V109                          V007  V107                         V006                          V104                          V003                         V008  V103                         V105                         V106  V108  V009  V101B  V101A                         V102B  V102A                        V112A  V112B
0      0                             0     0                            0                             0                             0                            0     0                            0                            0     0     0      0      0                             0      0                            0      0
1      0                             0     0                            0                             0                             0                            0     0  [EG21NB, 1, 4, 13, 1CV, CV]                            0     0     0      0      0                             0      0                            0      0
2      0                             0     0                            0                             0                             0                            0     0  [EG21NB, 1, 4, 13, 1CV, CV]                            0     0     0      0      0                             0      0                            0      0
3      0                             0     0  [PC29MC, 3, 4, 10, 9MC, MC]                             0                             0                            0     0  [EG21NB, 1, 4, 13, 1CV, CV]  [CP21NB, 3, 4, 20, 1MC, MC]     0     0      0      0                             0      0  [PA28CP, 3, 4, 16, 8CP, CP]      0
4      0                             0     0  [PC29MC, 3, 4, 10, 9MC, MC]                             0                             0                            0     0  [EG21NB, 1, 4, 13, 1CV, CV]  [CP21NB, 3, 4, 20, 1MC, MC]     0     0      0      0                             0      0  [PA28CP, 3, 4, 16, 8CP, CP]      0
5      0                             0     0                            0                             0                             0  [ES26CP, 5, 7, 24, 6CP, CP]     0                            0                            0     0     0      0      0                             0      0                            0      0
6      0                             0     0                            0                             0   [SE28CP, 6, 7, 23, 8CP, CP]  [ES26CP, 5, 7, 24, 6CP, CP]     0                            0  [PG21NB, 6, 7, 15, 1EL, EL]     0     0      0      0                             0      0                            0      0
7      0                             0     0                            0                             0   [SE28CP, 6, 7, 23, 8CP, CP]  [ES26CP, 5, 7, 24, 6CP, CP]     0                            0  [PG21NB, 6, 7, 15, 1EL, EL]     0     0      0      0                             0      0                            0      0
8      0                             0     0  [CD27CP, 8, 9, 20, 7CP, CP]                             0                             0                            0     0                            0                            0     0     0      0      0   [SD29CP, 8, 9, 15, 8CP, CP]      0  [EM27MC, 8, 9, 18, 8MC, MC]      0
9      0                             0     0  [CD27CP, 8, 9, 20, 7CP, CP]                             0                             0                            0     0                            0                            0     0     0      0      0   [SD29CP, 8, 9, 15, 8CP, CP]      0  [EM27MC, 8, 9, 18, 8MC, MC]      0
10     0                             0     0                            0                             0                             0                            0     0                            0                            0     0     0      0      0  [LR23S, 10, 10, 20, 3SI, SI]      0                            0      0
11     0  [MP24S, 11, 12, 22, 4SI, SI]     0                            0                             0  [PM25S, 11, 14, 12, 5SI, SI]                            0     0                            0                            0     0     0      0      0                             0      0                            0      0
12     0  [MP24S, 11, 12, 22, 4SI, SI]     0                            0  [PM26S, 12, 13, 21, 6SI, SI]  [PM25S, 11, 14, 12, 5SI, SI]                            0     0                            0                            0     0     0      0      0                             0      0                            0      0
13     0  [LA24S, 13, 13, 30, 4SI, SI]     0                            0  [PM26S, 12, 13, 21, 6SI, SI]  [PM25S, 11, 14, 12, 5SI, SI]                            0     0                            0                            0     0     0      0      0                             0      0                            0      0
14     0  [TS25S, 14, 15, 14, 6SI, SI]     0                            0                             0  [PM25S, 11, 14, 12, 5SI, SI]                            0     0                            0                            0     0     0      0      0                             0      0                            0      0
15     0  [TS25S, 14, 15, 14, 6SI, SI]     0                            0                             0                             0                            0     0                            0                            0     0     0      0      0                             0      0                            0      0

                           V109                            V007                           V107                           V006                         V104  V003  V008                          V103  V105                         V106  V108                         V009                        V101B  V101A  V102B                        V102A                          V112A  V112B
0                             0                               0                              0                              0                            0     0     0                             0     0                            0     0                            0                            0      0      0                            0                              0      0
1                             0                               0    [PA27CV, 1, 4, 15, 7CV, CV]                              0  [CP21NB, 1, 2, 22, 1CV, CV]     0     0                             0     0  [PG22NB, 1, 2, 14, 2EL, EL]     0                            0  [CP21NB, 1, 2, 20, 1CV, CV]      0      0                            0                              0      0
2                             0                               0    [PA27CV, 1, 4, 15, 7CV, CV]                              0  [CP21NB, 1, 2, 22, 1CV, CV]     0     0                             0     0  [PG22NB, 1, 2, 14, 2EL, EL]     0                            0  [CP21NB, 1, 2, 20, 1CV, CV]      0      0                            0                              0      0
3                             0                               0    [PA27CV, 1, 4, 15, 7CV, CV]    [PG22NB, 3, 4, 13, 2EL, EL]                            0     0     0                             0     0                            0     0                            0                            0      0      0                            0                              0      0
4                             0                               0    [PA27CV, 1, 4, 15, 7CV, CV]    [PG22NB, 3, 4, 13, 2EL, EL]                            0     0     0                             0     0                            0     0                            0                            0      0      0                            0                              0      0
5                             0                               0                              0    [FP21NB, 5, 7, 18, 1CP, CP]                            0     0     0                             0     0                            0     0  [FP21NB, 5, 7, 17, 1CP, CP]                            0      0      0                            0                              0      0
6                             0                               0                              0    [FP21NB, 5, 7, 18, 1CP, CP]                            0     0     0   [SD29CP, 6, 7, 15, 8CP, CP]     0                            0     0  [FP21NB, 5, 7, 17, 1CP, CP]                            0      0      0  [PG21NB, 6, 7, 16, 1EL, EL]    [EG21NB, 6, 9, 14, 1CV, CV]      0
7                             0                               0                              0    [FP21NB, 5, 7, 18, 1CP, CP]                            0     0     0   [SD29CP, 6, 7, 15, 8CP, CP]     0                            0     0  [FP21NB, 5, 7, 17, 1CP, CP]                            0      0      0  [PG21NB, 6, 7, 16, 1EL, EL]    [EG21NB, 6, 9, 14, 1CV, CV]      0
8   [BD27CP, 8, 9, 33, 7CP, CP]                               0                              0   [OI29EL, 8, 10, 25, 8EL, EL]  [SC28CP, 8, 9, 17, 9CP, CP]     0     0                             0     0  [SE28CP, 8, 9, 23, 8CP, CP]     0                            0                            0      0      0                            0    [EG21NB, 6, 9, 14, 1CV, CV]      0
9   [BD27CP, 8, 9, 33, 7CP, CP]                               0                              0   [OI29EL, 8, 10, 25, 8EL, EL]  [SC28CP, 8, 9, 17, 9CP, CP]     0     0                             0     0  [SE28CP, 8, 9, 23, 8CP, CP]     0                            0                            0      0      0                            0    [EG21NB, 6, 9, 14, 1CV, CV]      0
10                            0  [CL21I, 10, 11, 23, 1ING1B, B]                              0   [OI29EL, 8, 10, 25, 8EL, EL]                            0     0     0                             0     0                            0     0                            0                            0      0      0                            0                              0      0
11                            0  [CL21I, 10, 11, 23, 1ING1B, B]  [AO26CP, 11, 12, 24, 6CP, CP]                              0                            0     0     0  [PW26S, 11, 13, 23, 6SI, SI]     0                            0     0                            0                            0      0      0                            0  [RC28CP, 11, 12, 13, 7CP, CP]      0
12                            0                               0  [AO26CP, 11, 12, 24, 6CP, CP]  [LI51LT, 12, 13, 30, 1LN, LN]                            0     0     0  [PW26S, 11, 13, 23, 6SI, SI]     0                            0     0                            0                            0      0      0                            0  [RC28CP, 11, 12, 13, 7CP, CP]      0
13                            0                               0                              0  [LI51LT, 12, 13, 30, 1LN, LN]                            0     0     0  [PW26S, 11, 13, 23, 6SI, SI]     0                            0     0                            0                            0      0      0                            0                              0      0
14                            0                               0   [LC24B, 14, 15, 28, 4BS, BS]                              0                            0     0     0                             0     0                            0     0                            0                            0      0      0                            0                              0      0
15                            0                               0   [LC24B, 14, 15, 28, 4BS, BS]                              0                            0     0     0                             0     0                            0     0                            0                            0      0      0                            0                              0      0

                            V109                          V007                                 V107  V006  V104  V003  V008                         V103                         V105                          V106                         V108                           V009                        V101B                          V101A                         V102B  V102A  V112A  V112B
0                              0                             0                                    0     0     0     0     0                            0                            0                             0                            0                              0                            0                              0                             0      0      0      0
1                              0                             0                                    0     0     0     0     0                            0                            0                             0                            0    [CP21NB, 1, 2, 21, 1MC, MC]  [CP21NB, 1, 2, 20, 1MC, MC]                              0                             0      0      0      0
2                              0                             0                                    0     0     0     0     0                            0                            0                             0                            0    [CP21NB, 1, 2, 21, 1MC, MC]  [CP21NB, 1, 2, 20, 1MC, MC]                              0                             0      0      0      0
3                              0                             0                                    0     0     0     0     0                            0  [CP21NB, 3, 4, 20, 1CV, CV]                             0                            0                              0                            0                              0                             0      0      0      0
4                              0                             0                                    0     0     0     0     0                            0  [CP21NB, 3, 4, 20, 1CV, CV]                             0                            0                              0                            0                              0                             0      0      0      0
5    [FP21NB, 5, 7, 18, 1CP, CP]                             0                                    0     0     0     0     0                            0                            0                             0                            0                              0  [FP21NB, 5, 7, 17, 1CP, CP]                              0                             0      0      0      0
6    [FP21NB, 5, 7, 18, 1CP, CP]                             0                                    0     0     0     0     0  [CD27CP, 6, 7, 20, 7CP, CP]                            0                             0                            0                              0  [FP21NB, 5, 7, 17, 1CP, CP]                              0                             0      0      0      0
7    [FP21NB, 5, 7, 18, 1CP, CP]                             0                                    0     0     0     0     0  [CD27CP, 6, 7, 20, 7CP, CP]                            0                             0                            0                              0  [FP21NB, 5, 7, 17, 1CP, CP]                              0                             0      0      0      0
8                              0                             0                                    0     0     0     0     0  [AO26CP, 8, 9, 24, 6CP, CP]                            0                             0  [IS29CP, 8, 9, 17, 9CP, CP]                              0                            0                              0                             0      0      0      0
9                              0                             0                                    0     0     0     0     0  [AO26CP, 8, 9, 24, 6CP, CP]                            0                             0  [IS29CP, 8, 9, 17, 9CP, CP]                              0                            0                              0  [PG21NB, 9, 10, 15, 1EL, EL]      0      0      0
10                             0                             0                                    0     0     0     0     0                            0                            0                             0                            0                              0                            0                              0  [PG21NB, 9, 10, 15, 1EL, EL]      0      0      0
11  [OS22S, 11, 12, 39, 2SI, SI]  [PW26S, 11, 14, 23, 6SI, SI]  [II31MTEC, 11, 12, 10, 1MTEC, MTEC]     0     0     0     0                            0                            0                             0                            0  [DJ28CP, 11, 12, 14, 8CP, CP]                            0  [RC28CP, 11, 12, 13, 7CP, CP]                             0      0      0      0
12  [OS22S, 11, 12, 39, 2SI, SI]  [PW26S, 11, 14, 23, 6SI, SI]  [II31MTEC, 11, 12, 10, 1MTEC, MTEC]     0     0     0     0                            0                            0                             0                            0  [DJ28CP, 11, 12, 14, 8CP, CP]                            0  [RC28CP, 11, 12, 13, 7CP, CP]                             0      0      0      0
13                             0  [PW26S, 11, 14, 23, 6SI, SI]                                    0     0     0     0     0                            0                            0  [LR23S, 13, 15, 20, 3SI, SI]                            0                              0                            0                              0                             0      0      0      0
14  [MQ25A, 14, 15, 13, 5AS, AS]  [PW26S, 11, 14, 23, 6SI, SI]                                    0     0     0     0     0                            0                            0  [LR23S, 13, 15, 20, 3SI, SI]                            0                              0                            0                              0                             0      0      0      0
15  [MQ25A, 14, 15, 13, 5AS, AS]                             0                                    0     0     0     0     0                            0                            0  [LR23S, 13, 15, 20, 3SI, SI]                            0                              0                            0                              0                             0      0      0      0

                            V109                          V007                          V107  V006  V104  V003                         V008  V103  V105  V106  V108  V009  V101B  V101A  V102B  V102A  V112A  V112B
0                              0                             0                             0     0     0     0                            0     0     0     0     0     0      0      0      0      0      0      0
1                              0                             0                             0     0     0     0  [PA27CV, 1, 4, 16, 7CV, CV]     0     0     0     0     0      0      0      0      0      0      0
2                              0                             0                             0     0     0     0  [PA27CV, 1, 4, 16, 7CV, CV]     0     0     0     0     0      0      0      0      0      0      0
3                              0                             0                             0     0     0     0  [PA27CV, 1, 4, 16, 7CV, CV]     0     0     0     0     0      0      0      0      0      0      0
4                              0                             0                             0     0     0     0  [PA27CV, 1, 4, 16, 7CV, CV]     0     0     0     0     0      0      0      0      0      0      0
5                              0                             0                             0     0     0     0                            0     0     0     0     0     0      0      0      0      0      0      0
6   [DA23CV, 6, 9, 43, 3CVB, VB]                             0   [SC28CP, 6, 7, 17, 9CP, CP]     0     0     0                            0     0     0     0     0     0      0      0      0      0      0      0
7   [DA23CV, 6, 9, 43, 3CVB, VB]                             0   [SC28CP, 6, 7, 17, 9CP, CP]     0     0     0                            0     0     0     0     0     0      0      0      0      0      0      0
8   [DA23CV, 6, 9, 43, 3CVB, VB]                             0                             0     0     0     0                            0     0     0     0     0     0      0      0      0      0      0      0
9   [DA23CV, 6, 9, 43, 3CVB, VB]                             0                             0     0     0     0                            0     0     0     0     0     0      0      0      0      0      0      0
10                             0                             0                             0     0     0     0                            0     0     0     0     0     0      0      0      0      0      0      0
11                             0  [OO24S, 11, 12, 34, 4SI, SI]  [TI26S, 11, 13, 32, 6SI, SI]     0     0     0                            0     0     0     0     0     0      0      0      0      0      0      0
12                             0  [OO24S, 11, 12, 34, 4SI, SI]  [TI26S, 11, 13, 32, 6SI, SI]     0     0     0                            0     0     0     0     0     0      0      0      0      0      0      0
13                             0                             0  [TI26S, 11, 13, 32, 6SI, SI]     0     0     0                            0     0     0     0     0     0      0      0      0      0      0      0
14                             0                             0                             0     0     0     0                            0     0     0     0     0     0      0      0      0      0      0      0
15                             0                             0                             0     0     0     0                            0     0     0     0     0     0      0      0      0      0      0      0

