SL24CP-4CP 206 207 40
SL24CP-4CP 508 509 40
FE22S-2SI 211 213 32
BD22S-2SI 214 215 30
BD22S-2SI 211 212 30
CP21NB-1MCA 303 304 21
CP21NB-1MCA 501 502 21
CP21NB-1MCB 303 304 20
CP21NB-1MCB 501 502 20
CP21NB-1CVA 401 402 22
CP21NB-1CVA 503 504 22
CP21NB-1CVB 401 402 20
CP21NB-1CVB 503 504 20
FP21NB-1CPA 405 407 18
FP21NB-1CPA 505 507 18
FP21NB-1CPB 405 407 17
FP21NB-1CPB 505 507 17
ED22S-2SI 410 410 41
ED22S-2SI 414 415 41
ED22S-2SI 513 515 41
ES22S-2SI 411 413 41
OS22S-2SI 511 512 39
OS22S-2SI 614 515 39
ES26CP-6CP 205 205 24
ES26CP-6CP 305 307 24
CO28CP-6CP 206 207 35
CO28CP-6CP 308 309 35
TC25S-5SI 211 212 40
GP26S-5SI 213 215 23
PM25S-5SI 311 314 12
SA25S-5SI 315 315 45
SA25S-5SI 411 413 45
PW25S-5SI 414 415 34
PW25S-5SI 513 515 34
PO24CP-4CP 506 507 40
PO24CP-4CP 608 609 40
TC28CP-8CP 606 607 15
PD25S-5SL 611 613 27
PG22NB-2ELA 201 202 14
PG22NB-2ELA 401 402 14
PG22NB-2ELB 203 204 13
PG22NB-2ELB 403 404 13
BD23S-3SI 211 212 39
BD23S-3SI 314 315 39
IH24S-3SI 213 215 12
IE27CP-7CP 306 307 38
IE27CP-7CP 406 407 38
OO23S-3SI 311 312 40
OOS3S-3SI 411 412 40
AP23S-3SI 410 410 37
AP23S-3SI 413 415 37
AP23S-3SI 410 410 37
PG21NB-1ELA 306 307 15
PG21NB-1ELA 509 510 15
PG21NB-1ELB 308 309 16
PG21NB-1ELB 406 407 16
PA28CP-8CP 203 204 16
PA28CP-8CP 303 304 16
SO25CP-7CP 209 210 32
SO25CP-7CP 606 607 32
OD26S-6SI 212 215 44
AP25CP-5CP 306 307 35
AP25CP-5CP 505 506 35
PM26S-6SI 312 313 21
TS25S-6SI 314 315 14
BD27CP-7CP 408 409 33
BD27CP-7CP 508 509 33
PW26S-6SI 411 413 23
PW26S-6SI 511 514 23
TI26S-6SI 611 613 32
II21S-1SI 211 212 41
II21S-1SI 411 412 41
FP21S-1SI 213 215 44
FP21S-1SI 413 415 44
CL21S-1SL 311 312 33
IS21S-1SL 313 314 29
BD21S-1SI 511 512 40
BD21S-1SI 614 615 40
LT21S-1SI 513 515 30
AE23CP-3CP 206 207 44
AE23CP-3CP 308 309 44  
QS24S-4SI 211 213 31
PP24S-4SI 214 215 22
MP24S-4SI 311 312 22
LA24S-4SI 313 313 30
LA24S-4SI 511 513 30
OO24S-4SI 314 315 34
OO24S-4SI 611 612 34
BD26CP-6CP 406 407 40
BD26CP-6CP 606 607 40
AD23S-4SI 411 413 30
AD23S-42I 613 614 30
PD24S-4SI 414 415 27
PD24S-4SI 514 515 27
SI27CP-8CP 506 507 17
SI27CP-8CP 608 609 17
AO26CP-6CP 508 509 24
AO26CP-6CP 411 412 24
IS29CP 206 207 17
IS29CP 508 509 17
AE22CP-2CPA 208 209 22
AE22CP-2CPA 211 212 22
CD27CP-7CP 308 309 20
CD27CP-7CP 506 507 20
DJ28CP-8CP 311 312 14
DJ28CP-8CP 511 512 14
DA23CV-3CVA 201 204 40
DT21G-1GA 207 209 31
CL21I-ING1B 210 211 23
CL21I-ING1B 410 411 23
DT22NB-2CP 213 215 27
EG21NB-1CVA 301 304 13
EG21NB-1CVB 406 409 14
LI51LT-1LNA 312 313 30
LI51LT-1LNA 412 413 30
PA27CV-7CVA 401 404 15
PA27CV-7CVB 601 604 16
LC24B-4BSA 414 415 28
DT21G-1GB 502 504 40
DT21NB-1ELA 506 508 39
II31MTEC 511 512 10
MQ25A-5AS 514 515 13
DA23CV-3CVB 606 609 43
DT32M-2MN 613 614 43
OI25CP-7CP 206 208 40
SE28CP-8CP 306 307 23
SE28CP-8CP 408 409 23